=== Недельный текстовый отчёт (на основе дневных OHLC за 7 дней) ===
Период: с 2025-03-25 по 2025-04-01
Игрок, Нед_Мин, Нед_Макс, Среднее_Закрытие, Дней
Anirudh Thapa 103,39900000.0,41300000.0,41300000.0,1
Caio Henrique 98,15000000.0,15000000.0,15000000.0,1
Calvin Verdonk 101,187000000.0,203000000.0,203000000.0,1
Curtis Jones 102,60600000.0,61700000.0,60600000.0,1
Daniel Muñoz 105,1440000000.0,1560000000.0,1460000000.0,1
David López 103,100000000.0,107000000.0,107000000.0,1
Fred 103,154000000.0,178000000.0,178000000.0,1
João Cancelo 101,68600000.0,68600000.0,68600000.0,1
João Neves 103,64000000.0,69600000.0,69600000.0,1
Joško Gvardiol 101,20700000.0,22100000.0,20800000.0,1
Joško Gvardiol 102,144000000.0,168000000.0,168000000.0,1
Leandro Paredes 103,171000000.0,180000000.0,178000000.0,1
Marc Cucurella 101,77900000.0,83900000.0,83900000.0,1
Marcos Acuña 105,1770000000.0,1870000000.0,1870000000.0,1
Nicolás Tagliafico 101,16100000.0,17000000.0,16100000.0,1
Nuno Tavares 103,128000000.0,136000000.0,136000000.0,1
Pedri 101,22600000.0,26100000.0,23500000.0,1
Pedri 102,47900000.0,49800000.0,49800000.0,1
Pervis Estupiñán 103,218000000.0,226000000.0,226000000.0,1
Roy Keane 98,15600000.0,15600000.0,15600000.0,1
Sander Berge 102,20000000.0,21000000.0,20000000.0,1
Sandesh Jhingan 104,124000000.0,128000000.0,128000000.0,1
Scott McTominay 103,31400000.0,33400000.0,33400000.0,1
Subhasish Bose 103,44800000.0,47500000.0,47500000.0,1
Vanderson 100,16500000.0,17100000.0,16500000.0,1
=== Отчет от 2025-04-06 05:02:34 UTC ===
Период: 2025-03-30 - 2025-04-06 UTC
Игрок, Нед_Мин, Нед_Макс, Средн_Закр, Дней
Anirudh Thapa 103,0,41,300,000,35,350,000,2
Benjamin Pavard CB 101,15,000,000,15,000,000,15,000,000,1
Caio Henrique 98,15,000,000,15,000,000,15,000,000,1
Calvin Verdonk 101,0,203,000,000,198,000,000,2
Curtis Jones 102,41,700,000,61,700,000,51,650,000,2
Daniel Muñoz 105,1,170,000,000,1,560,000,000,1,370,000,000,2
David López 103,90,600,000,107,000,000,102,200,000,2
Fred 103,0,178,000,000,150,000,000,2
João Cancelo 101,0,68,600,000,34,300,000,2
João Neves 103,0,69,600,000,53,700,000,2
Joško Gvardiol 101,20,700,000,22,100,000,20,800,000,1
Joško Gvardiol 102,0,168,000,000,84,000,000,2
Leandro Paredes 103,110,000,000,180,000,000,147,500,000,2
Marc Cucurella 100,0,0,0,1
Marc Cucurella 101,0,83,900,000,41,950,000,2
Marcos Acuña 105,1,280,000,000,1,870,000,000,1,645,000,000,2
Nicolás Tagliafico 101,16,100,000,17,000,000,16,100,000,1
Nuno Tavares 103,0,136,000,000,119,000,000,2
Paulo Futre LM 102 4 ранг,61,600,000,63,000,000,63,000,000,1
Pedri 101,22,600,000,26,100,000,23,500,000,1
Pedri 102,0,49,800,000,24,900,000,2
Pervis Estupiñán 103,179,000,000,226,000,000,213,500,000,2
Rahul Bheke 104 RB,129,000,000,136,000,000,136,000,000,1
Rico Lewis 101,0,20,500,000,20,500,000,1
Rodrigo De Paul 103,54,800,000,61,200,000,61,200,000,1
Roy Keane 98,0,19,000,000,7,800,000,2
Sander Berge 102,20,000,000,21,000,000,20,000,000,1
Sandesh Jhingan 104,124,000,000,139,000,000,133,500,000,2
Scott McTominay 103,20,000,000,33,400,000,27,050,000,2
Subhasish Bose 103,0,47,500,000,45,050,000,2
Vanderson 100,16,500,000,17,100,000,16,500,000,1


=== Отчет от 2025-04-07 05:02:54 UTC ===
Период: 2025-03-31 - 2025-04-07 UTC
Игрок, Нед_Мин, Нед_Макс, Средн_Закр, Дней
Anirudh Thapa 103,0,41,300,000,34,133,333,3
Benjamin Pavard CB 101,15,000,000,15,000,000,15,000,000,2
Caio Henrique 98,15,000,000,15,000,000,15,000,000,1
Calvin Verdonk 101,0,203,000,000,194,333,333,3
Curtis Jones 102,41,700,000,61,700,000,50,233,333,3
Daniel Muñoz 105,1,170,000,000,1,560,000,000,1,353,333,333,3
David López 103,0,107,000,000,101,133,333,3
Fred 103,0,178,000,000,144,333,333,3
João Cancelo 101,0,68,600,000,22,866,667,3
João Neves 103,0,69,600,000,49,500,000,3
Joško Gvardiol 101,20,700,000,22,100,000,20,800,000,1
Joško Gvardiol 102,0,168,000,000,56,000,000,3
Leandro Paredes 103,110,000,000,180,000,000,138,666,667,3
Marc Cucurella 100,0,0,0,2
Marc Cucurella 101,0,83,900,000,50,700,000,3
Marcos Acuña 105,0,1,870,000,000,1,590,000,000,3
Nicolás Tagliafico 101,16,100,000,17,000,000,16,100,000,1
Nuno Tavares 103,0,136,000,000,114,000,000,3
Paulo Futre LM 102 4 ранг,0,63,400,000,31,500,000,2
Pedri 101,22,600,000,26,100,000,23,500,000,1
Pedri 102,0,49,800,000,16,600,000,3
Pervis Estupiñán 103,179,000,000,226,000,000,209,666,667,3
Rahul Bheke 104 RB,129,000,000,151,000,000,141,500,000,2
Rico Lewis 101,0,20,500,000,20,500,000,1
Rodrigo De Paul 103,54,800,000,69,800,000,63,550,000,2
Roy Keane 98,0,19,000,000,5,200,000,3
Sander Berge 102,20,000,000,21,000,000,20,000,000,1
Sandesh Jhingan 104,0,157,000,000,141,000,000,3
Scott McTominay 103,0,33,400,000,25,000,000,3
Subhasish Bose 103,0,47,500,000,44,666,667,3
Vanderson 100,16,500,000,17,100,000,16,500,000,1


=== Отчет от 2025-04-08 05:02:27 UTC ===
Период: 2025-04-01 - 2025-04-08 UTC
Игрок, Нед_Мин, Нед_Макс, Средн_Закр, Дней
Anirudh Thapa 103,0,31,700,000,30,900,000,3
Benjamin Pavard CB 101,0,15,100,000,10,000,000,3
Calvin Verdonk 101,0,193,000,000,189,333,333,3
Cristian Romero 104,401,000,000,434,000,000,424,000,000,1
Curtis Jones 102,41,700,000,48,000,000,46,000,000,3
Daniel Muñoz 105,1,170,000,000,1,350,000,000,1,296,666,667,3
David López 103,0,109,000,000,101,800,000,3
Dávid Hancko 104,312,000,000,336,000,000,327,000,000,1
Felix Nmecha 103,208,000,000,223,000,000,216,000,000,1
Fred 103,0,137,000,000,85,000,000,3
Jonathan Clauss 103,0,144,000,000,0,1
José Fonte 104,296,000,000,306,000,000,300,000,000,1
João Cancelo 101,0,56,400,000,0,2
João Neves 103,0,42,900,000,39,700,000,3
Joško Gvardiol 102,0,133,000,000,0,2
Lallianzuala Chhangte 105,0,299,000,000,290,000,000,1
Leandro Paredes 103,0,128,000,000,120,000,000,3
Marc Cucurella 100,0,0,0,2
Marc Cucurella 101,0,70,100,000,34,100,000,2
Marcos Acuña 105,0,1,490,000,000,1,450,000,000,3
Noussair Mazraoui 104,0,497,000,000,0,1
Nuno Tavares 103,0,106,000,000,102,000,000,3
Orkun Kökçü 104,0,544,000,000,523,000,000,1
Paulo Futre LM 102 4 ранг,0,64,600,000,21,000,000,3
Pedri 102,0,33,800,000,0,3
Pervis Estupiñán 103,0,207,000,000,198,333,333,3
Rahul Bheke 104 RB,0,151,000,000,139,666,667,3
Rico Lewis 101,0,20,500,000,20,500,000,1
Rodrigo De Paul 103,0,69,800,000,42,366,667,3
Roy Keane 98,0,19,000,000,0,2
Ryan Gravenberch 103,195,000,000,202,000,000,199,000,000,1
Sandesh Jhingan 104,0,157,000,000,148,000,000,3
Scott McTominay 103,0,21,700,000,13,866,667,3
Stanislav Lobotka 104,0,352,000,000,352,000,000,1
Subhasish Bose 103,0,45,000,000,43,666,667,3
Waldemar Anton 103,0,118,000,000,116,000,000,1
Warren Zaïre Emery 103,118,000,000,124,000,000,121,000,000,1


=== Отчет от 2025-04-09 05:02:31 UTC ===
Период: 2025-04-02 - 2025-04-09 UTC
Игрок, Нед_Мин, Нед_Макс, Средн_Закр, Дней
Anirudh Thapa 103,0,31,700,000,30,775,000,4
Benjamin Pavard CB 101,0,15,100,000,11,275,000,4
Calvin Verdonk 101,0,193,000,000,188,500,000,4
Cristian Romero 104,401,000,000,451,000,000,422,500,000,2
Curtis Jones 102,0,48,000,000,45,850,000,4
Daniel Muñoz 105,0,1,350,000,000,1,295,000,000,4
David López 103,0,109,000,000,102,850,000,4
Dávid Hancko 104,312,000,000,343,000,000,324,000,000,2
Felix Nmecha 103,208,000,000,224,000,000,212,500,000,2
Fred 103,0,138,000,000,98,000,000,4
Jonathan Clauss 103,0,144,000,000,65,000,000,2
José Fonte 104,296,000,000,313,000,000,304,500,000,2
João Cancelo 101,0,56,400,000,0,2
João Neves 103,0,42,900,000,39,450,000,4
Joško Gvardiol 102,0,133,000,000,0,2
Lallianzuala Chhangte 105,0,299,000,000,285,000,000,2
Leandro Paredes 103,0,128,000,000,120,250,000,4
Marc Cucurella 100,0,0,0,2
Marc Cucurella 101,0,70,100,000,34,100,000,2
Marcos Acuña 105,0,1,510,000,000,1,465,000,000,4
Noussair Mazraoui 104,0,497,000,000,237,500,000,2
Nuno Tavares 103,0,106,000,000,101,300,000,4
Orkun Kökçü 104,0,544,000,000,518,000,000,2
Paulo Futre LM 102 4 ранг,0,64,600,000,31,400,000,4
Pedri 102,0,33,800,000,7,075,000,4
Pervis Estupiñán 103,0,207,000,000,199,500,000,4
Rahul Bheke 104 RB,0,151,000,000,137,750,000,4
Rico Lewis 101,0,20,500,000,20,500,000,1
Rodrigo De Paul 103,0,69,800,000,46,825,000,4
Roy Keane 98,0,19,000,000,0,2
Ryan Gravenberch 103,194,000,000,202,000,000,199,000,000,2
Sandesh Jhingan 104,0,157,000,000,147,500,000,4
Scott McTominay 103,0,21,700,000,15,500,000,4
Stanislav Lobotka 104,0,362,000,000,356,000,000,2
Subhasish Bose 103,0,45,000,000,43,200,000,4
Waldemar Anton 103,0,118,000,000,115,000,000,2
Warren Zaïre Emery 103,0,124,000,000,116,500,000,2


=== Отчет от 2025-04-10 05:03:05 UTC ===
Период: 2025-04-03 - 2025-04-10 UTC
Игрок, Нед_Мин, Нед_Макс, Средн_Закр, Дней
Anirudh Thapa 103,0,31,700,000,30,640,000,5
Benjamin Pavard CB 101,0,15,100,000,12,040,000,5
Calvin Verdonk 101,0,208,000,000,192,400,000,5
Cristian Romero 104,392,000,000,451,000,000,415,333,333,3
Curtis Jones 102,0,48,000,000,45,180,000,5
Daniel Muñoz 105,0,1,350,000,000,1,302,000,000,5
David López 103,0,109,000,000,103,480,000,5
Dávid Hancko 104,312,000,000,343,000,000,323,333,333,3
Felix Nmecha 103,207,000,000,242,000,000,221,666,667,3
Fred 103,0,141,000,000,105,000,000,5
Jonathan Clauss 103,0,144,000,000,87,333,333,3
José Fonte 104,292,000,000,313,000,000,301,333,333,3
João Cancelo 101,0,56,400,000,0,2
João Neves 103,0,42,900,000,38,840,000,5
Joško Gvardiol 102,0,133,000,000,0,2
Lallianzuala Chhangte 105,0,299,000,000,282,333,333,3
Leandro Paredes 103,0,129,000,000,119,200,000,5
Marc Cucurella 100,0,0,0,2
Marc Cucurella 101,0,70,100,000,34,100,000,2
Marcos Acuña 105,0,1,520,000,000,1,466,000,000,5
Noussair Mazraoui 104,0,505,000,000,313,666,667,3
Nuno Tavares 103,0,106,000,000,100,600,000,5
Orkun Kökçü 104,0,559,000,000,521,000,000,3
Paulo Futre LM 102 4 ранг,0,64,600,000,37,680,000,5
Pedri 102,0,33,800,000,11,060,000,5
Pervis Estupiñán 103,0,207,000,000,200,000,000,5
Rahul Bheke 104 RB,0,151,000,000,137,200,000,5
Rico Lewis 101,0,20,500,000,20,500,000,1
Rodrigo De Paul 103,0,69,800,000,48,820,000,5
Roy Keane 98,0,19,000,000,0,2
Ryan Gravenberch 103,194,000,000,217,000,000,202,000,000,3
Sandesh Jhingan 104,0,157,000,000,147,000,000,5
Scott McTominay 103,0,21,700,000,16,400,000,5
Stanislav Lobotka 104,0,365,000,000,353,333,333,3
Subhasish Bose 103,0,45,000,000,42,980,000,5
Waldemar Anton 103,0,118,000,000,113,333,333,3
Warren Zaïre Emery 103,0,124,000,000,116,666,667,3


=== Отчет от 2025-04-11 05:03:11 UTC ===
Период: 2025-04-04 - 2025-04-11 UTC
Игрок, Нед_Мин, Нед_Макс, Средн_Закр, Дней
Anirudh Thapa 103,0,32,800,000,31,000,000,6
Benjamin Pavard CB 101,0,15,600,000,12,583,333,6
Calvin Verdonk 101,0,263,000,000,204,166,667,6
Cristian Romero 104,338,000,000,451,000,000,398,250,000,4
Curtis Jones 102,0,48,000,000,45,416,667,6
Daniel Muñoz 105,0,1,350,000,000,1,291,666,667,6
David López 103,0,110,000,000,102,533,333,6
Dávid Hancko 104,292,000,000,343,000,000,316,000,000,4
Felix Nmecha 103,207,000,000,242,000,000,225,250,000,4
Fred 103,0,141,000,000,108,666,667,6
Jonathan Clauss 103,0,144,000,000,98,250,000,4
José Fonte 104,292,000,000,327,000,000,305,500,000,4
João Cancelo 101,0,56,400,000,0,2
João Neves 103,0,50,800,000,40,833,333,6
Joško Gvardiol 102,0,133,000,000,0,2
Lallianzuala Chhangte 105,0,299,000,000,282,000,000,4
Leandro Paredes 103,0,129,000,000,118,000,000,6
Marc Cucurella 100,0,0,0,2
Marc Cucurella 101,0,70,100,000,34,100,000,2
Marcos Acuña 105,0,1,520,000,000,1,473,333,333,6
Noussair Mazraoui 104,0,505,000,000,343,750,000,4
Nuno Tavares 103,0,127,000,000,105,000,000,6
Orkun Kökçü 104,0,564,000,000,510,000,000,4
Paulo Futre LM 102 4 ранг,0,64,600,000,41,166,667,6
Pedri 102,0,41,500,000,16,133,333,6
Pervis Estupiñán 103,0,208,000,000,199,666,667,6
Rahul Bheke 104 RB,0,151,000,000,137,200,000,5
Rico Lewis 101,0,20,500,000,20,500,000,1
Rodrigo De Paul 103,0,77,900,000,53,666,667,6
Roy Keane 98,0,19,000,000,0,2
Ryan Gravenberch 103,194,000,000,218,000,000,205,500,000,4
Sandesh Jhingan 104,0,157,000,000,144,833,333,6
Scott McTominay 103,0,25,400,000,17,900,000,6
Stanislav Lobotka 104,0,365,000,000,345,000,000,4
Subhasish Bose 103,0,45,700,000,43,433,333,6
Waldemar Anton 103,0,118,000,000,112,000,000,4
Warren Zaïre Emery 103,0,124,000,000,116,000,000,4


=== Отчет от 2025-04-12 05:03:07 UTC ===
Период: 2025-04-05 - 2025-04-12 UTC
Игрок, Нед_Мин, Нед_Макс, Средн_Закр, Дней
Anirudh Thapa 103,0,39,700,000,32,242,857,7
Benjamin Pavard CB 101,0,16,400,000,13,057,143,7
Calvin Verdonk 101,0,288,000,000,216,142,857,7
Cristian Romero 104,335,000,000,451,000,000,390,600,000,5
Curtis Jones 102,0,51,600,000,46,271,429,7
Daniel Muñoz 105,0,1,350,000,000,1,265,714,286,7
David López 103,0,110,000,000,102,314,286,7
Dávid Hancko 104,291,000,000,343,000,000,314,400,000,5
Felix Nmecha 103,207,000,000,258,000,000,231,800,000,5
Fred 103,0,147,000,000,113,571,429,7
Jonathan Clauss 103,0,144,000,000,105,200,000,5
José Fonte 104,292,000,000,327,000,000,307,400,000,5
João Cancelo 101,0,56,400,000,0,2
João Neves 103,0,71,400,000,45,200,000,7
Joško Gvardiol 102,0,133,000,000,0,2
Lallianzuala Chhangte 105,0,299,000,000,284,200,000,5
Leandro Paredes 103,0,129,000,000,118,142,857,7
Marc Cucurella 100,0,0,0,2
Marc Cucurella 101,0,70,100,000,34,100,000,2
Marcos Acuña 105,0,1,520,000,000,1,475,714,286,7
Noussair Mazraoui 104,0,505,000,000,362,600,000,5
Nuno Tavares 103,0,156,000,000,112,285,714,7
Orkun Kökçü 104,0,564,000,000,511,400,000,5
Paulo Futre LM 102 4 ранг,0,64,600,000,43,914,286,7
Pedri 102,0,51,500,000,21,185,714,7
Pervis Estupiñán 103,0,215,000,000,200,857,143,7
Rahul Bheke 104 RB,0,151,000,000,137,200,000,5
Rico Lewis 101,0,20,500,000,20,500,000,1
Rodrigo De Paul 103,0,102,000,000,60,571,429,7
Roy Keane 98,0,19,000,000,0,2
Ryan Gravenberch 103,194,000,000,218,000,000,207,800,000,5
Sandesh Jhingan 104,0,157,000,000,144,428,571,7
Scott McTominay 103,0,35,100,000,20,357,143,7
Stanislav Lobotka 104,0,365,000,000,344,000,000,5
Subhasish Bose 103,0,51,500,000,44,585,714,7
Waldemar Anton 103,0,119,000,000,113,400,000,5
Warren Zaïre Emery 103,0,128,000,000,118,400,000,5


=== Отчет от 2025-04-14 05:02:52 UTC ===
Период: 2025-04-07 - 2025-04-14 UTC
Игрок, Нед_Мин, Нед_Макс, Средн_Закр, Дней
Anirudh Thapa 103,0,43,200,000,34,633,333,6
Benjamin Pavard CB 101,0,17,200,000,13,100,000,6
Calvin Verdonk 101,0,288,000,000,229,000,000,6
Cristian Romero 104,335,000,000,451,000,000,384,000,000,6
Curtis Jones 102,0,56,200,000,48,333,333,6
Daniel Muñoz 105,0,1,350,000,000,1,233,333,333,6
David López 103,0,114,000,000,105,633,333,6
Dávid Hancko 104,291,000,000,343,000,000,311,666,667,6
Felix Nmecha 103,207,000,000,282,000,000,240,166,667,6
Fred 103,0,151,000,000,115,166,667,6
Jonathan Clauss 103,0,144,000,000,111,000,000,6
José Fonte 104,292,000,000,327,000,000,310,666,667,6
João Neves 103,0,86,000,000,53,916,667,6
Joško Gvardiol 100,25,400,000,25,400,000,25,400,000,1
Joško Gvardiol 101,28,000,000,28,000,000,28,000,000,1
Joško Gvardiol 102,153,000,000,153,000,000,153,000,000,1
Lallianzuala Chhangte 105,0,300,000,000,286,833,333,6
Leandro Paredes 103,0,131,000,000,120,000,000,6
Marcos Acuña 105,0,1,520,000,000,1,460,000,000,6
Noussair Mazraoui 104,0,505,000,000,362,600,000,5
Nuno Tavares 103,0,156,000,000,116,000,000,5
Orkun Kökçü 104,0,564,000,000,511,400,000,5
Paulo Futre LM 102 4 ранг,0,64,600,000,48,880,000,5
Pedri 102,0,51,500,000,29,660,000,5
Pervis Estupiñán 103,0,215,000,000,200,600,000,5
Rahul Bheke 104 RB,0,147,000,000,134,333,333,3
Rodrigo De Paul 103,0,102,000,000,59,380,000,5
Ryan Gravenberch 103,194,000,000,218,000,000,207,800,000,5
Sandesh Jhingan 104,129,000,000,156,000,000,143,200,000,5
Scott McTominay 103,0,35,100,000,20,180,000,5
Stanislav Lobotka 104,0,365,000,000,344,000,000,5
Subhasish Bose 103,0,51,500,000,45,120,000,5
Waldemar Anton 103,0,119,000,000,113,400,000,5
Warren Zaïre Emery 103,0,128,000,000,118,400,000,5


=== Отчет от 2025-04-16 05:02:43 UTC ===
Период: 2025-04-09 - 2025-04-16 UTC
Игрок, Нед_Мин, Нед_Макс, Средн_Закр, Дней
Anirudh Thapa 103,29,800,000,48,400,000,38,840,000,5
Benjamin Pavard CB 101,15,000,000,19,600,000,16,380,000,5
Calvin Verdonk 101,186,000,000,288,000,000,244,800,000,5
Clément Akpa 99,25,000,000,28,900,000,25,000,000,1
Cristian Romero 104,303,000,000,426,000,000,359,200,000,5
Curtis Jones 102,40,800,000,61,500,000,51,640,000,5
Daniel Muñoz 105,1,020,000,000,1,350,000,000,1,178,000,000,5
David López 103,97,300,000,114,000,000,105,960,000,5
Dean James 99,26,800,000,31,500,000,26,800,000,1
Denis Vavro 99,32,000,000,35,800,000,32,000,000,1
Dávid Hancko 104,286,000,000,337,000,000,307,400,000,5
Felix Nmecha 103,207,000,000,282,000,000,249,200,000,5
Fred 103,120,000,000,160,000,000,142,800,000,5
Hiroki Sakai 99,23,500,000,26,000,000,24,200,000,1
Jay O Shea 99,23,400,000,25,900,000,23,400,000,1
Jonathan Clauss 103,128,000,000,142,000,000,135,600,000,5
José Fonte 104,292,000,000,329,000,000,316,800,000,5
João Neves 103,34,200,000,100,000,000,68,920,000,5
Joško Gvardiol 100,25,400,000,30,200,000,27,250,000,2
Joško Gvardiol 101,28,000,000,33,600,000,30,800,000,2
Joško Gvardiol 102,153,000,000,178,000,000,159,000,000,2
Lallianzuala Chhangte 105,268,000,000,311,000,000,290,400,000,5
Leandro Paredes 103,106,000,000,132,000,000,121,600,000,5
Marcos Acuña 105,1,280,000,000,1,520,000,000,1,434,000,000,5
Maxim De Cuyper 98,17,200,000,18,900,000,17,500,000,1
Michael Kayode 100,18,000,000,19,400,000,18,000,000,1
Noussair Mazraoui 104,415,000,000,505,000,000,447,000,000,4
Nuno Tavares 103,92,500,000,192,000,000,143,200,000,4
Orkun Kökçü 104,463,000,000,564,000,000,504,750,000,4
Paulo Futre LM 102 4 ранг,57,600,000,90,600,000,68,050,000,4
Pedri 102,25,200,000,71,600,000,47,900,000,4
Pervis Estupiñán 103,192,000,000,226,000,000,208,500,000,4
Rahul Bheke 104 RB,130,000,000,148,000,000,141,500,000,2
Rodrigo De Paul 103,53,800,000,131,000,000,91,925,000,4
Ryan Gravenberch 103,200,000,000,230,000,000,216,500,000,4
Sander Berge 102,25,400,000,27,200,000,27,200,000,1
Sandesh Jhingan 104,129,000,000,157,000,000,144,500,000,4
Scott McTominay 103,20,000,000,56,300,000,34,200,000,4
Stanislav Lobotka 104,308,000,000,365,000,000,339,250,000,4
Subhasish Bose 103,39,800,000,60,700,000,50,000,000,4
Waldemar Anton 103,104,000,000,124,000,000,115,250,000,4
Warren Zaïre Emery 103,108,000,000,146,000,000,125,500,000,4


=== Отчет от 2025-04-17 05:00:33 UTC ===
Период: 2025-04-10 - 2025-04-17 UTC
Игрок, Нед_Мин, Нед_Макс, Средн_Закр, Дней
Anirudh Thapa 103,29,800,000,51,400,000,43,100,000,5
Benjamin Pavard CB 101,15,000,000,20,200,000,17,120,000,5
Calvin Verdonk 101,190,000,000,288,000,000,247,400,000,5
Clément Akpa 99,24,700,000,28,900,000,25,300,000,2
Cristian Romero 104,303,000,000,420,000,000,343,800,000,5
Curtis Jones 102,41,500,000,64,000,000,55,380,000,5
Daniel Muñoz 105,1,020,000,000,1,350,000,000,1,126,000,000,5
David López 103,97,300,000,121,000,000,108,360,000,5
Dean James 99,25,600,000,31,500,000,26,950,000,2
Denis Vavro 99,29,600,000,35,800,000,30,800,000,2
Dávid Hancko 104,285,000,000,335,000,000,303,000,000,5
Felix Nmecha 103,209,000,000,282,000,000,252,000,000,5
Fred 103,120,000,000,160,000,000,147,400,000,5
Hiroki Sakai 99,23,500,000,26,500,000,24,650,000,2
Jay O Shea 99,23,400,000,26,000,000,24,450,000,2
Jonathan Clauss 103,128,000,000,144,000,000,137,400,000,5
José Fonte 104,293,000,000,331,000,000,322,800,000,5
João Neves 103,37,200,000,100,000,000,81,640,000,5
Joško Gvardiol 100,25,400,000,30,700,000,28,166,667,3
Joško Gvardiol 101,28,000,000,34,000,000,31,866,667,3
Joško Gvardiol 102,153,000,000,178,000,000,160,666,667,3
Lallianzuala Chhangte 105,268,000,000,327,000,000,300,400,000,5
Leandro Paredes 103,106,000,000,138,000,000,125,400,000,5
Marcos Acuña 105,1,260,000,000,1,520,000,000,1,424,000,000,5
Maxim De Cuyper 98,16,000,000,18,900,000,16,750,000,2
Michael Kayode 100,17,400,000,19,900,000,18,250,000,2
Noussair Mazraoui 104,401,000,000,475,000,000,436,250,000,4
Nuno Tavares 103,97,100,000,195,000,000,167,500,000,4
Orkun Kökçü 104,459,000,000,564,000,000,503,000,000,4
Paulo Futre LM 102 4 ранг,57,600,000,94,600,000,76,000,000,4
Pedri 102,27,800,000,75,300,000,59,975,000,4
Pervis Estupiñán 103,192,000,000,230,000,000,214,000,000,4
Rahul Bheke 104 RB,138,000,000,153,000,000,150,500,000,2
Rodrigo De Paul 103,57,700,000,140,000,000,111,975,000,4
Ryan Gravenberch 103,201,000,000,233,000,000,222,750,000,4
Sander Berge 102,25,400,000,29,300,000,28,250,000,2
Sandesh Jhingan 104,129,000,000,166,000,000,149,750,000,4
Scott McTominay 103,20,000,000,60,700,000,44,375,000,4
Stanislav Lobotka 104,308,000,000,355,000,000,341,000,000,4
Subhasish Bose 103,41,900,000,63,900,000,55,450,000,4
Waldemar Anton 103,104,000,000,128,000,000,119,750,000,4
Warren Zaïre Emery 103,108,000,000,148,000,000,133,250,000,4

